
Исходный массив:
-3                                                6                                                 -2147483                                          2                                                 -1                                                
-7                                                6                                                 9                                                 -7                                                5                                                 
4                                                 5                                                 -6                                                1                                                 9                                                 
-2                                                3                                                 -4                                                4                                                 -3                                                
7                                                 -9                                                5                                                 -4                                                -6                                                
-4                                                5                                                 -9                                                6                                                 8                                                 
-3                                                6                                                 -2147483                                          2                                                 -1                                                
-7                                                6                                                 9                                                 -7                                                5                                                 
4                                                 5                                                 -6                                                1                                                 9                                                 
-2                                                3                                                 -4                                                4                                                 -3                                                
7                                                 -9                                                5                                                 -4                                                -6                                                
-4                                                5                                                 -9                                                6                                                 8                                                 


Отрицательные элементы нечетных столбцов исходного массива:
-3 -2147483 -1 
-7 
-6 
-2 -4 -3 
-6 
-4 -9 


Максимальное и минимальное значение четных строк:
-7                                                9                                                 
-4                                                4                                                 
-9                                                8                                                 
