
Исходный массив:
-3                                                6                                                 -21474                                            2                                                 -1                                                
-7                                                6                                                 9                                                 -7                                                5                                                 
4                                                 5                                                 -6234                                             145                                               9                                                 
-2                                                3                                                 -4                                                4                                                 -3623                                             
7                                                 -9                                                5                                                 -4                                                -6                                                
-4                                                5                                                 -9                                                6                                                 8                                                 
-3                                                6                                                 -21474                                            2                                                 -1                                                
-7                                                6                                                 9                                                 -7                                                5                                                 
4                                                 5                                                 -6234                                             145                                               9                                                 
-2                                                3                                                 -4                                                4                                                 -3623                                             
7                                                 -9                                                5                                                 -4                                                -6                                                
-4                                                5                                                 -9                                                6                                                 8                                                 


Отрицательные элементы нечетных столбцов исходного массива:
-3 -21474 -1 
-7 
-6234 
-2 -4 -3623 
-6 
-4 -9 


Максимальное и минимальное значение четных строк:
-7                                                9                                                 
-3623                                             4                                                 
-9                                                8                                                 
